Wavelength in Air, Laser Power, # Photons
nm, mW, n
                         210.0,                      0.0129825,        1.3724638078849855e+25
                         211.0,                      0.0137167,        1.4569859720220342e+25
                         212.0,                      0.0157526,        1.6811690303169552e+25
                         213.0,                      0.0224456,        2.4067672734006656e+25
                         214.0,                      0.0300523,         3.237537174053797e+25
                         215.0,                      0.0298311,        3.2287246004678553e+25
                         216.0,                      0.0306986,         3.338071201999546e+25
                         217.0,                      0.0297971,        3.2550450766488756e+25
                         218.0,                      0.0291312,         3.196966925915466e+25
                         219.0,                       0.029997,        3.3070838983182767e+25
                         220.0,                      0.0302664,        3.3520209406044505e+25
                         221.0,                       0.025828,           2.8734677435162e+25
                         222.0,                      0.0278955,        3.1175282631138795e+25
                         223.0,                      0.0238466,         2.677038424754038e+25
                         224.0,                       0.024479,         2.760355169658977e+25
                         225.0,                      0.0244423,         2.768521261984582e+25
                         226.0,                      0.0236933,          2.69561129472666e+25
                         227.0,                      0.0252611,          2.88669825787516e+25
                         228.0,                      0.0238055,        2.7323443377888456e+25
                         229.0,                      0.0227484,         2.622464472280302e+25
                         230.0,                      0.0218786,         2.533206764950717e+25
                         231.0,                      0.0198648,        2.3100397424194897e+25
                         232.0,                      0.0193473,         2.259600309951315e+25
                         233.0,                      0.0184087,         2.159246956452174e+25
                         234.0,                      0.0194492,        2.2910832727580533e+25
                         235.0,                       0.019552,         2.313035645920901e+25
                         236.0,                      0.0190716,        2.2658043553121487e+25
                         237.0,                      0.0186813,         2.228839088448847e+25
                         238.0,                      0.0157198,        1.8834203049861313e+25
                         239.0,                       0.015706,        1.8896734833254798e+25
                         240.0,                      0.0143858,        1.7380750876704863e+25
                         241.0,                      0.0153766,         1.865523114150422e+25
                         242.0,                       0.016189,        1.9722350100504186e+25
                         243.0,                      0.0165782,         2.027995201771823e+25
                         244.0,                      0.0167101,        2.0525424607036546e+25
                         245.0,                      0.0163989,         2.022572400974076e+25
                         246.0,                      0.0166583,        2.0629517050678305e+25
                         247.0,                      0.0155701,         1.936027981837108e+25
                         248.0,                      0.0151632,         1.893066276583665e+25
                         249.0,                      0.0154852,         1.941062148829389e+25
                         250.0,                       0.015721,         1.978533696804293e+25
                         251.0,                      0.0140122,         1.770530138402555e+25
                         252.0,                      0.0134536,        1.7067201927913524e+25
                         253.0,                      0.0149377,         1.902512544773649e+25
                         254.0,                      0.0146592,         1.874421519425265e+25
                         255.0,                      0.0149539,        1.9196317632220948e+25
                         256.0,                      0.0116002,        1.4949570553922283e+25
                         257.0,                      0.0130607,         1.689751544771941e+25
                         258.0,                      0.0115101,        1.4949342005026324e+25
                         259.0,                      0.0121508,         1.584265305252991e+25
                         260.0,                      0.0132953,        1.7401823689006427e+25
                         261.0,                      0.0124028,        1.6296094062115741e+25
                         262.0,                      0.0109255,        1.4410063265599008e+25
                         263.0,                      0.0114595,        1.5172064917786589e+25
                         264.0,                      0.0114184,        1.5175131198238784e+25
                         265.0,                      0.0082496,         1.100530391213415e+25
                         266.0,                      0.0142729,        1.9112483984218274e+25
                         267.0,                     0.00565116,         7.595775840648028e+24
                         268.0,                     0.00555279,         7.491509216570143e+24
                         269.0,                     0.00714767,         9.679213027627738e+24
                         270.0,                     0.00564642,         7.674678974120268e+24
                         271.0,                     0.00523995,         7.148578796968073e+24
                         272.0,                     0.00477975,         6.544814785180809e+24
                         273.0,                     0.00430019,         5.909810656374055e+24
                         274.0,                     0.00276449,         3.813193648590063e+24
                         275.0,                     0.00195525,          2.70681306007522e+24
                         276.0,                     0.00320994,         4.459942623249698e+24
                         277.0,                     0.00321231,         4.479406682893067e+24
                         278.0,                     0.00320655,         4.487516795841512e+24
                         279.0,                     0.00322258,        4.5261733748760883e+24
                         280.0,                     0.00297213,        4.1893737542375784e+24
                         281.0,                     0.00302349,        4.2769889803274055e+24
                         282.0,                     0.00281552,        3.9969710240199774e+24
                         283.0,                     0.00325618,        4.6389331578384014e+24
                         284.0,                     0.00389154,         5.563692432743835e+24
                         285.0,                     0.00262083,        3.7601657236810506e+24
                         286.0,                     0.00211165,         3.040263633929243e+24
                         287.0,                     0.00222529,        3.2150800300143415e+24
                         288.0,                     0.00206548,        2.9945857710366916e+24
                         289.0,                    0.000860308,        1.2516274492593575e+24
                         290.0,                     0.00156418,        2.2835367291687004e+24
                         291.0,                     0.00103249,        1.5125234544227933e+24
                         292.0,                     0.00164242,        2.4142950900760758e+24
                         293.0,                     0.00186439,        2.7499681257492334e+24
                         294.0,                     0.00191572,        2.8353236375567073e+24
                         295.0,                     0.00181253,        2.6917237988251693e+24
                         296.0,                     0.00218985,         3.263092263139182e+24
                         297.0,                     0.00246201,         3.681031524254524e+24
                         298.0,                     0.00141788,         2.127056448550122e+24
                         299.0,                     0.00129382,        1.9474590008579603e+24
                         300.0,                      0.0332383,         5.019764384542216e+25
                         301.0,                      0.0322972,         4.893894956361736e+25
                         302.0,                      0.0418168,         6.357421605125065e+25
                         303.0,                      0.0469246,         7.157584479268751e+25
                         304.0,                      0.0537679,         8.228485972838035e+25
                         305.0,                      0.0590742,         9.070285623073759e+25
                         306.0,                      0.0607928,         9.364764230485012e+25
                         307.0,                      0.0589686,         9.113442702394431e+25
                         308.0,                       0.059882,         9.284751577702865e+25
                         309.0,                         0.0589,         9.162142646194979e+25
                         310.0,                      0.0629074,         9.817178884368014e+25
                         311.0,                      0.0615495,          9.63625298363279e+25
                         312.0,                      0.0635014,         9.973811799403453e+25
                         313.0,                      0.0623768,         9.828578339477464e+25
                         314.0,                      0.0595415,         9.411800096685367e+25
                         315.0,                      0.0536505,         8.507610574804554e+25
                         316.0,                      0.0557003,         8.860697123385583e+25
                         317.0,                      0.0524136,         8.364240795203972e+25
                         318.0,                      0.0508351,         8.137932383200118e+25
                         319.0,                      0.0524057,         8.415743382767698e+25
                         320.0,                      0.0523027,         8.425532574983956e+25
                         321.0,                      0.0524215,         8.471059867447474e+25
                         322.0,                      0.0499347,         8.094342772576781e+25
                         323.0,                      0.0473939,        7.7063414031856185e+25
                         324.0,                       0.047234,         7.704119495119316e+25
                         325.0,                      0.0476142,         7.790101704108688e+25
                         326.0,                      0.0447348,          7.34152657099549e+25
                         327.0,                      0.0461886,        7.6033647714995835e+25
                         328.0,                      0.0426643,         7.044687667651196e+25
                         329.0,                      0.0376985,         6.243717472220169e+25
                         330.0,                      0.0332383,         5.521740822996437e+25
                         331.0,                      0.0346652,         5.776236663682545e+25
                         332.0,                      0.0362096,         6.051807229634546e+25
                         333.0,                      0.0377698,          6.33158138367256e+25
                         334.0,                      0.0394963,         6.640887981679672e+25
                         335.0,                      0.0396513,        6.6869105305393255e+25
                         336.0,                      0.0383242,         6.482397376917638e+25
                         337.0,                       0.035869,         6.085166206352488e+25
                         338.0,                       0.034285,        5.8337005011610195e+25
                         339.0,                      0.0343326,         5.859083222092269e+25
                         340.0,                      0.0358057,         6.128502399543609e+25
                         341.0,                      0.0351166,         6.028234172957038e+25
                         342.0,                      0.0303446,         5.224332359694235e+25
                         343.0,                      0.0271529,         4.688496704350449e+25
                         344.0,                      0.0276388,         4.786310849410768e+25
                         345.0,                      0.0257822,        4.4777757801216054e+25
                         346.0,                      0.0250265,         4.359126684771487e+25
                         347.0,                      0.0305769,         5.341290545602411e+25
                         348.0,                      0.0298232,        5.2246446762912695e+25
                         349.0,                       0.030618,         5.379296968471495e+25
                         350.0,                      0.0327691,         5.773721518321316e+25
                         351.0,                      0.0285291,         5.041020489031049e+25
                         352.0,                      0.0270581,          4.79471983786479e+25
                         353.0,                      0.0218982,         3.891404691705108e+25
                         354.0,                      0.0177783,        3.1682304764712427e+25
                         355.0,                      0.0175373,         3.134110895068483e+25
                         356.0,                      0.0137001,        2.4552572945368627e+25
                         357.0,                      0.0109491,         1.967749964502441e+25
                         358.0,                      0.0136835,         2.466059199999825e+25
                         359.0,                      0.0112059,         2.025183899328008e+25
                         360.0,                      0.0115536,        2.0938381250514115e+25
                         361.0,                      0.0102453,        1.8618948752564644e+25
                         362.0,                      0.0097965,         1.785265400569699e+25
                         363.0,                     0.00993318,        1.8151737621656017e+25
                         364.0,                       0.010521,        1.9278874628240905e+25
                         365.0,                     0.00907212,        1.6669590278811882e+25
                         366.0,                      0.0111301,        2.0507061156316613e+25
                         367.0,                      0.0100904,        1.8642223990901068e+25
                         368.0,                      0.0104799,        1.9414590385861632e+25
                         369.0,                       0.010024,        1.8620472579674936e+25
                         370.0,                      0.0111427,        2.0754651095098384e+25
                         371.0,                     0.00980914,        1.8320111707639185e+25
                         372.0,                      0.0108709,        2.0357840877367603e+25
                         373.0,                     0.00921661,        1.7306263720700145e+25
                         374.0,                     0.00766497,        1.4431296062127747e+25
                         375.0,                     0.00914946,        1.7272293350514925e+25
                         376.0,                     0.00735155,         1.391521866020442e+25
                         377.0,                     0.00813268,        1.5434704146932207e+25
                         378.0,                     0.00906808,        1.7255614013179451e+25
                         379.0,                      0.0068615,        1.3091263141214905e+25
                         380.0,                     0.00883753,        1.6905879632535236e+25
                         381.0,                     0.00754805,        1.4477148155797592e+25
                         382.0,                     0.00539914,        1.0382722019916856e+25
                         383.0,                     0.00555279,         1.070614936547151e+25
                         384.0,                     0.00675059,         1.304957088915737e+25
                         385.0,                     0.00373452,         7.238003586629309e+24
                         386.0,                     0.00496383,         9.645560712932534e+24
                         387.0,                     0.00430145,         8.380098413678484e+24
                         388.0,                     0.00353227,         6.899361378614158e+24
                         389.0,                     0.00391307,          7.66285297830697e+24
                         390.0,                     0.00514475,        1.0100715939920402e+25
                         391.0,                     0.00453608,         8.928545940785973e+24
                         392.0,                     0.00323996,          6.39365194129847e+24
                         393.0,                     0.00432718,         8.560926853915343e+24
                         394.0,                     0.00617846,        1.2254616815512594e+25
                         395.0,                     0.00399384,         7.941655296125487e+24
                         396.0,                     0.00271565,         5.413675957905286e+24
                         397.0,                     0.00368397,         7.362577283524958e+24
                         398.0,                     0.00563098,           1.1282110051677e+25
                         399.0,                     0.00409035,         8.215928318510663e+24
                         400.0,                      0.0028652,         5.769500411509356e+24
                         401.0,                     0.00235091,         4.745736825684948e+24
                         402.0,                      0.0034209,         6.922926280022692e+24
                         403.0,                     0.00401653,         8.148531262738541e+24
                         404.0,                     0.00336299,         6.839592318438806e+24
                         405.0,                      0.0512539,        1.0449733512694666e+26
                         406.0,                      0.0636633,        1.3011832230952961e+26
                         407.0,                      0.0958245,         1.963334263911333e+26
                         408.0,                        0.12462,         2.559594597612529e+26
                         409.0,                      0.0916592,         1.887220499236658e+26
                         410.0,                       0.151079,        3.1182521690883096e+26
                         411.0,                        0.17043,         3.526234098491246e+26
                         412.0,                        0.22211,         4.606685915441691e+26
                         413.0,                       0.263557,        5.4795876975594963e+26
                         414.0,                       0.298573,          6.22263242701514e+26
                         415.0,                       0.324004,         6.768956815425023e+26
                         416.0,                       0.282241,        5.9106699297452346e+26
                         417.0,                       0.250535,         5.259297471329715e+26
                         418.0,                       0.223355,         4.699971620868499e+26
                         419.0,                       0.226802,        4.7839229665184783e+26
                         420.0,                       0.230472,        4.8729363178258184e+26
                         421.0,                       0.279629,        5.9263538711952814e+26
                         422.0,                       0.299357,         6.359531806142878e+26
                         423.0,                       0.315454,         6.717376350076706e+26
                         424.0,                       0.337033,         7.193852974046373e+26
                         425.0,                       0.357586,         7.650550956423142e+26
                         426.0,                       0.359208,         7.703336589297735e+26
                         427.0,                       0.370958,         7.973993756715915e+26
                         428.0,                        0.38197,          8.22993297932823e+26
                         429.0,                        0.39023,         8.427547731879397e+26
                         430.0,                       0.401635,         8.694072997032676e+26
                         431.0,                       0.408636,         8.866192767851271e+26
                         432.0,                       0.410445,         8.926104998304182e+26
                         433.0,                       0.411764,          8.97551847779886e+26
                         434.0,                       0.407063,         8.893539398370455e+26
                         435.0,                       0.407692,         8.927805522908928e+26
                         436.0,                       0.410131,         9.001862211598808e+26
                         437.0,                       0.416502,         9.162664885456365e+26
                         438.0,                       0.420986,          9.28250173028915e+26
                         439.0,                       0.415322,         9.178521547448712e+26
                         440.0,                       0.418311,         9.265636029955253e+26
                         441.0,                       0.418177,         9.283719432765888e+26
                         442.0,                       0.414221,         9.216746803368621e+26
                         443.0,                       0.407928,          9.09725811804343e+26
                         444.0,                       0.406906,         9.094950478970558e+26
                         445.0,                       0.402815,         9.023788759743234e+26
                         446.0,                       0.395815,         8.886901814883627e+26
                         447.0,                       0.392118,         8.823635855917744e+26
                         448.0,                       0.387676,         8.743195806631919e+26
                         449.0,                       0.393848,         8.902218718888641e+26
                         450.0,                       0.391095,          8.85968033250439e+26
                         451.0,                       0.378981,         8.604333877127744e+26
                         452.0,                       0.378273,         8.607302244011074e+26
                         453.0,                        0.39078,         8.911561435299113e+26
                         454.0,                       0.391803,         8.954614308405107e+26
                         455.0,                       0.382201,         8.754402102685465e+26
                         456.0,                       0.374891,         8.605837316065597e+26
                         457.0,                       0.360575,         8.295357114443612e+26
                         458.0,                       0.373318,         8.607314728620367e+26
                         459.0,                       0.372453,         8.606120787174223e+26
                         460.0,                       0.355698,         8.236876033013448e+26
                         461.0,                       0.349091,         8.101451801087986e+26
                         462.0,                       0.344765,         8.018412989763355e+26
                         463.0,                       0.341846,         7.967732926519257e+26
                         464.0,                       0.338786,         7.913465451067241e+26
                         465.0,                       0.328325,         7.685642525068898e+26
                         466.0,                       0.331392,         7.774119491247063e+26
                         467.0,                       0.334932,         7.874025160752418e+26
                         468.0,                       0.336899,         7.937227891213164e+26
                         469.0,                       0.331235,         7.820460699690731e+26
                         470.0,                       0.315725,         7.470163454463753e+26
                         471.0,                       0.316211,         7.497580814321886e+26
                         472.0,                       0.319593,          7.59385905039195e+26
                         473.0,                       0.315818,         7.520059806427606e+26
                         474.0,                       0.308031,          7.35014729439586e+26
                         475.0,                       0.301895,          7.21892957034407e+26
                         476.0,                       0.293793,          7.03998399041706e+26
                         477.0,                       0.286162,         6.871532681084464e+26
                         478.0,                       0.284039,         6.834852496247115e+26
                         479.0,                       0.282152,         6.803649329643847e+26
                         480.0,                       0.277998,         6.717476931727395e+26
                         481.0,                       0.280829,         6.800021795526218e+26
                         482.0,                       0.281257,          6.82454423626296e+26
                         483.0,                        0.28688,         6.975425068930506e+26
                         484.0,                       0.288665,         7.033358690174861e+26
                         485.0,                       0.293024,         7.154317438244511e+26
                         486.0,                       0.293338,          7.17675087159454e+26
                         487.0,                       0.297175,         7.285586308921477e+26
                         488.0,                       0.297879,         7.317841253516664e+26
                         489.0,                       0.298897,         7.357896763227419e+26
                         490.0,                       0.302578,         7.463743445498588e+26
                         491.0,                       0.296251,         7.322587871765832e+26
                         492.0,                       0.291145,         7.211036830552618e+26
                         493.0,                       0.291302,         7.229589866105635e+26
                         494.0,                       0.293435,         7.297298936427791e+26
                         495.0,                        0.29232,         7.284286248296327e+26
                         496.0,                       0.287778,         7.185591787257227e+26
                         497.0,                       0.286681,         7.172632410421097e+26
                         498.0,                       0.285224,         7.150537420733523e+26
                         499.0,                        0.28535,         7.168061080113718e+26
                         500.0,                       0.289892,         7.296750721124485e+26
                         501.0,                        0.29506,         7.441685959980065e+26
                         502.0,                       0.295469,         7.466875572196577e+26
                         503.0,                       0.294356,         7.453566878006027e+26
                         504.0,                       0.286525,         7.269697378241395e+26
                         505.0,                        0.28582,         7.266198667168871e+26
                         506.0,                       0.287726,          7.32913801264643e+26
                         507.0,                       0.287621,         7.340942563122796e+26
                         508.0,                       0.286447,         7.325398670797981e+26
                         509.0,                       0.278341,         7.132113409590274e+26
                         510.0,                       0.276947,         7.110335871298718e+26
                         511.0,                       0.274432,         7.059581001081185e+26
                         512.0,                       0.270067,         6.960889761876743e+26
                         513.0,                       0.264968,         6.842803480768219e+26
                         514.0,                       0.259814,         6.722780675666344e+26
                         515.0,                       0.252137,         6.536828410819649e+26
                         516.0,                       0.241447,         6.271837393398131e+26
                         517.0,                       0.238533,         6.208151236715378e+26
                         518.0,                       0.241892,         6.307750982951847e+26
                         519.0,                       0.241673,         6.314206281074738e+26
                         520.0,                       0.238597,         6.245850679151078e+26
                         521.0,                       0.237595,         6.231581727209327e+26
                         522.0,                       0.234442,          6.16068772230551e+26
                         523.0,                       0.226204,        5.9555961990217745e+26
                         524.0,                       0.219607,         5.792962818302872e+26
                         525.0,                        0.21859,        5.7771396835274215e+26
                         526.0,                       0.245211,         6.493053292997718e+26
                         527.0,                       0.285084,         7.563220006900604e+26
                         528.0,                       0.222501,         5.914106821865283e+26
                         529.0,                       0.199762,         5.319757363333101e+26
                         530.0,                        0.19282,         5.144595375139903e+26
                         531.0,                       0.185245,         4.951813626279639e+26
                         532.0,                       0.345287,         9.247303992123221e+26
                         533.0,                       0.177921,         4.773948116080127e+26
                         534.0,                       0.169398,         4.553788021765777e+26
                         535.0,                        0.16338,         4.400235784756153e+26
                         536.0,                       0.156266,         4.216504421152429e+26
                         537.0,                       0.152409,         4.120103956730077e+26
                         538.0,                        0.14922,         4.041406970334699e+26
                         539.0,                       0.144311,          3.91571861933016e+26
                         540.0,                       0.139094,         3.781163275938682e+26
                         541.0,                       0.135925,         3.701859074392846e+26
                         542.0,                       0.130286,         3.554842077278533e+26
                         543.0,                        0.12439,        3.4002321723605095e+26
                         544.0,                       0.119501,         3.272605938151124e+26
                         545.0,                       0.116373,         3.192802150868832e+26
                         546.0,                       0.110341,        3.0328632810874384e+26
                         547.0,                      0.0995649,        2.7416806256323523e+26
                         548.0,                       0.095106,        2.6236853462505308e+26
                         549.0,                      0.0893132,        2.4683757393909354e+26
                         550.0,                      0.0920839,        2.5495860185926156e+26
                         551.0,                      0.0922479,        2.5587706587061243e+26
                         552.0,                      0.0920214,        2.5571204702337726e+26
                         553.0,                      0.0898607,         2.501601931213972e+26
                         554.0,                      0.0868441,        2.4219956474302526e+26
                         555.0,                      0.0818229,        2.2860784294952648e+26
                         556.0,                      0.0799253,         2.237084256678808e+26
                         557.0,                      0.0825874,         2.315753152703273e+26
                         558.0,                      0.0839625,        2.3585377678011626e+26
                         559.0,                      0.0856649,         2.410671286238888e+26
                         560.0,                      0.0831114,         2.342997902769671e+26
                         561.0,                       0.124037,         3.502977838774592e+26
                         562.0,                      0.0804094,        2.2749214828872494e+26
                         563.0,                      0.0797847,         2.261264090538625e+26
                         564.0,                      0.0789413,         2.241334380139145e+26
                         565.0,                      0.0783642,        2.2288940610026766e+26
                         566.0,                      0.0770203,          2.19454712882372e+26
                         567.0,                      0.0751544,        2.1451652132404442e+26
                         568.0,                      0.0760179,         2.173639304661278e+26
                         569.0,                      0.0750998,        2.1511679644128662e+26
                         570.0,                      0.0744288,        2.1356945899941025e+26
                         571.0,                      0.0727746,        2.0918917643941243e+26
                         572.0,                      0.0718729,        2.0695907383802533e+26
                         573.0,                      0.0689982,        1.9902867784720172e+26
                         574.0,                      0.0668993,         1.933110771647187e+26
                         575.0,                      0.0630526,         1.825131325447373e+26
                         576.0,                      0.0646778,        1.8754305980397476e+26
                         577.0,                      0.0642854,         1.867288568791735e+26
                         578.0,                      0.0644571,        1.8755207590689692e+26
                         579.0,                      0.0643713,         1.876264746134721e+26
                         580.0,                      0.0644432,        1.8816045997924075e+26
                         581.0,                      0.0633647,        1.8533045428183195e+26
                         582.0,                      0.0624206,         1.828833626265502e+26
                         583.0,                      0.0626313,        1.8381597653298402e+26
                         584.0,                      0.0610802,        1.7957115349406944e+26
                         585.0,                      0.0596897,        1.7578367391196858e+26
                         586.0,                      0.0596039,        1.7583104948036054e+26
                         587.0,                      0.0585974,        1.7315686831953537e+26
                         588.0,                      0.0581084,         1.720043848376591e+26
                         589.0,                      0.0547897,          1.62456649495867e+26
                         590.0,                      0.0542357,         1.610870158683633e+26
                         591.0,                      0.0518247,        1.5418692685852837e+26
                         592.0,                      0.0505222,          1.50566111776396e+26
                         593.0,                      0.0483292,        1.4427383445984169e+26
                         594.0,                      0.0456919,           1.3663090263897e+26
                         595.0,                      0.0441236,          1.32163392932935e+26
                         596.0,                      0.0400424,        1.2014055510399103e+26
                         597.0,                      0.0384667,        1.1560657542510639e+26
                         598.0,                      0.0364302,        1.0966953810121297e+26
                         599.0,                      0.0351153,        1.0588793534689064e+26
                         600.0,                      0.0313976,         9.483550857902037e+25
                         601.0,                      0.0283858,         8.588135448955953e+25
                         602.0,                       0.026494,         8.029107970588649e+25
                         603.0,                       0.024088,          7.31208665409044e+25
                         604.0,                      0.0218372,         6.639833132876597e+25
                         605.0,                      0.0198438,           6.0437082420839e+25
                         606.0,                      0.0186389,         5.686122049016607e+25
                         607.0,                      0.0175186,         5.353174031027865e+25
                         608.0,                      0.0179875,         5.505511334324909e+25
                         609.0,                      0.0183766,         5.633855836298075e+25
                         610.0,                      0.0186265,         5.719846401921088e+25
                         611.0,                      0.0213507,        6.5671449687983225e+25
                         612.0,                      0.0188849,        5.8182099201315414e+25
                         613.0,                      0.0192484,        5.9398897550702976e+25
                         614.0,                      0.0187946,         5.809312420997697e+25
                         615.0,                       0.018457,         5.714253498321699e+25
                         616.0,                      0.0196127,         6.081929370028154e+25
                         617.0,                      0.0203505,        6.3209669990548514e+25
                         618.0,                       0.020515,         6.382389011432598e+25
                         619.0,                      0.0215071,         6.701866589062788e+25
                         620.0,                      0.0202466,         6.319272263684254e+25
                         621.0,                      0.0201206,         6.290074689154789e+25
                         622.0,                      0.0196849,         6.163776354235635e+25
                         623.0,                      0.0200212,         6.279158207196847e+25
                         624.0,                      0.0188205,         5.912062567775599e+25
                         625.0,                      0.0190423,         5.991322469094904e+25
                         626.0,                      0.0193173,         6.087570903194392e+25
                         627.0,                      0.0191162,        6.0338204315224464e+25
                         628.0,                      0.0189349,         5.986127109687454e+25
                         629.0,                       0.018791,         5.950093808839773e+25
                         630.0,                      0.0190045,         6.027264803454699e+25
                         631.0,                      0.0182752,           5.8051677320765e+25
                         632.0,                      0.0178449,         5.677465079976351e+25
                         633.0,                       0.017494,         5.574630762768041e+25
                         634.0,                      0.0170493,        5.4415056622583116e+25
                         635.0,                      0.0166056,        5.3082524938209775e+25
                         636.0,                       0.016117,         5.160176972998432e+25
                         637.0,                      0.0155638,         4.990894027595073e+25
                         638.0,                      0.0158762,         5.099064609135897e+25
                         639.0,                      0.0146466,         4.711519079007492e+25
                         640.0,                      0.0140522,         4.527386496306674e+25
                         641.0,                      0.0133823,         4.318292598579471e+25
                         642.0,                        0.01353,         4.372764610191021e+25
                         643.0,                      0.0120955,         3.915237156413648e+25
                         644.0,                      0.0115945,        3.7589034189307836e+25
                         645.0,                      0.0111829,        3.6310934898047997e+25
                         646.0,                      0.0110273,        3.5861213597255674e+25
                         647.0,                      0.0113533,         3.697853226408889e+25
                         648.0,                      0.0111643,         3.641914776616869e+25
                         649.0,                      0.0108624,        3.5489000073482234e+25
                         650.0,                      0.0113402,        3.7107128270529944e+25
                         651.0,                      0.0102937,         3.373461595809713e+25
                         652.0,                     0.00959348,        3.1488142711407595e+25
                         653.0,                      0.0102453,        3.3679151067658483e+25
                         654.0,                     0.00868885,        2.8606407639479937e+25
                         655.0,                     0.00861725,            2.841405832124e+25
                         656.0,                     0.00869741,         2.872215738568601e+25
                         657.0,                     0.00891573,         2.948801592634584e+25
                         658.0,                     0.00906243,         3.001883498376446e+25
                         659.0,                     0.00919396,         3.050080483582382e+25
                         660.0,                     0.00915349,        3.0412626040374907e+25
                         661.0,                     0.00930676,        3.0968719534875604e+25
                         662.0,                     0.00882272,        2.9402466299000296e+25
                         663.0,                     0.00861024,        2.8737703543363317e+25
                         664.0,                     0.00836352,        2.7956349035169187e+25
                         665.0,                     0.00805542,         2.696702942922454e+25
                         666.0,                      0.0076436,        2.5626863506949776e+25
                         667.0,                     0.00732762,        2.4604358601311646e+25
                         668.0,                     0.00740389,         2.489772668258966e+25
                         669.0,                     0.00688232,        2.3178442744189794e+25
                         670.0,                     0.00688232,         2.321308914590009e+25
                         671.0,                     0.00654933,         2.212293119965813e+25
                         672.0,                     0.00628004,         2.124491304342313e+25
                         673.0,                     0.00484892,        1.6427949457723727e+25
                         674.0,                     0.00558814,        1.8960528971739716e+25
                         675.0,                     0.00531885,        1.8073605161101896e+25
                         676.0,                     0.00510248,         1.736406016226576e+25
                         677.0,                     0.00437969,        1.4926408230822343e+25
                         678.0,                       0.004539,        1.5492202015039239e+25
                         679.0,                     0.00418799,        1.4315241701523112e+25
                         680.0,                     0.00400898,        1.3723537620949924e+25
                         681.0,                     0.00320655,         1.099280193513694e+25
                         682.0,                     0.00350309,         1.202704524295864e+25
                         683.0,                     0.00319956,        1.1001052499939954e+25
                         684.0,                     0.00391041,        1.3464854704080416e+25
                         685.0,                     0.00267553,         9.226217134636199e+24
                         686.0,                     0.00250691,         8.657373078458055e+24
                         687.0,                     0.00226211,         7.823367499327418e+24
                         688.0,                     0.00265912,         9.209788345286452e+24
                         689.0,                     0.00214912,         7.454236415520625e+24
                         690.0,                      0.0020783,         7.219059198847835e+24
                         691.0,                     0.00200227,         6.965045576195737e+24
                         692.0,                     0.00109495,        3.8143773707794054e+24
                         693.0,                     0.00305131,        1.0644930781747635e+25
                         694.0,                     0.00211245,          7.38021788543496e+24
                         695.0,                     0.00191867,         6.712871973520788e+24
                         696.0,                     0.00101675,        3.5624329210944156e+24
                         697.0,                     0.00211245,         7.412120844593901e+24
                         698.0,                     0.00164304,         5.773336005668172e+24
                         699.0,                     0.00117314,        4.1281008020538726e+24
                         700.0,                     0.00204875,         7.219552542279644e+24
                         701.0,                      0.0020294,         7.161581668572071e+24
                         702.0,                     0.00199849,         7.062563513832304e+24
                         703.0,                     0.00172062,         6.089246659945216e+24
                         704.0,                     0.00234717,         8.318413016317552e+24
                         705.0,                     0.00199675,         7.086570058294639e+24
                         706.0,                     0.00190159,         6.758415073110591e+24
                         707.0,                     0.00297191,        1.0577385722945973e+25
                         708.0,                     0.00156477,         5.577082176212469e+24
                         709.0,                     0.00183433,         6.547069918417008e+24
                         710.0,                     0.00146988,         5.253678642029574e+24
                         711.0,                     0.00156418,         5.598602118754986e+24
                         712.0,                    0.000860634,        3.0847627483397034e+24
                         713.0,                     0.00211245,         7.582269960108252e+24
                         714.0,                     0.00125134,        4.4977655525668504e+24
                         715.0,                     0.00155317,         5.590469855693277e+24
                         716.0,                     0.00168929,         6.088923368973881e+24
                         717.0,                     0.00168014,         6.064400877895973e+24
                         718.0,                     0.00195525,         7.067242825941848e+24
                         719.0,                     0.00175746,         6.361178969111123e+24
                         720.0,                     0.00179775,         6.516059910869643e+24
                         721.0,                      0.0019031,         6.907488154488719e+24
                         722.0,                     0.00187701,         6.822241027212742e+24
                         723.0,                    0.000782407,         2.847700421106921e+24
                         724.0,                    0.000704181,         2.566528811388907e+24
                         725.0,                     0.00187113,         6.829127849814967e+24
                         726.0,                    0.000782111,         2.858434793895009e+24
                         727.0,                     0.00185368,          6.78410326424023e+24
                         728.0,                     0.00196047,         7.184802840495665e+24
                         729.0,                     0.00195525,         7.175515348344857e+24
                         730.0,                     0.00305131,        1.1213274849459992e+25
                         731.0,                     0.00203422,         7.485806065816096e+24
                         732.0,                     0.00383367,        1.4126971930734908e+25
                         733.0,                     0.00312835,        1.1543634979101895e+25
                         734.0,                      0.0023547,          8.70071450713049e+24
                         735.0,                       0.002567,         9.498094420907108e+24
                         736.0,                     0.00273169,        1.0121211540406752e+25
                         737.0,                     0.00250268,         9.285303115523162e+24
                         738.0,                     0.00306102,        1.1372234432529243e+25
                         739.0,                     0.00339335,        1.2623982086425997e+25
                         740.0,                     0.00355524,        1.3244144733204265e+25
                         741.0,                     0.00539639,        2.0130048055386833e+25
                         742.0,                     0.00413351,         1.543996006676297e+25
                         743.0,                     0.00426971,        1.5970204127377695e+25
                         744.0,                     0.00469248,        1.7575133827048344e+25
                         745.0,                     0.00485187,        1.8196535269252124e+25
                         746.0,                     0.00486744,        1.8279432521216525e+25
                         747.0,                     0.00520911,        1.9588780739199995e+25
                         748.0,                     0.00406686,        1.5313839637526266e+25
                         749.0,                     0.00633725,        2.3894939354709452e+25
                         750.0,                     0.00578742,           2.1850910541745e+25
                         751.0,                     0.00671432,         2.538430325479646e+25
                         752.0,                     0.00694859,         2.630496949081754e+25
                         753.0,                     0.00716184,         2.714831411145349e+25
                         754.0,                     0.00739066,         2.805290520481956e+25
                         755.0,                     0.00765839,        2.9107687607895474e+25
                         756.0,                     0.00789577,         3.004965978616023e+25
                         757.0,                     0.00780938,        2.9760190728910834e+25
                         758.0,                     0.00821186,        3.1335311561267077e+25
                         759.0,                     0.00783429,         2.993399587164306e+25
                         760.0,                     0.00818218,         3.130443692111646e+25
                         761.0,                     0.00846003,         3.241005997575764e+25
                         762.0,                     0.00891923,         3.421413852468772e+25
                         763.0,                     0.00880482,        3.3819586611686626e+25
                         764.0,                     0.00881571,        3.3905794751831294e+25
                         765.0,                     0.00860289,        3.3130583124480693e+25
                         766.0,                     0.00875267,         3.375146273015242e+25
                         767.0,                     0.00867718,        3.3504045159524773e+25
                         768.0,                     0.00855654,        3.3081308536264417e+25
                         769.0,                     0.00830904,         3.216625231983935e+25
                         770.0,                     0.00801329,        3.1061674196791436e+25
                         771.0,                     0.00769108,        2.9851419091544667e+25
                         772.0,                     0.00766439,         2.978641052275883e+25
                         773.0,                     0.00683729,        2.6606440033186692e+25
                         774.0,                     0.00672989,        2.6222385713296997e+25
                         775.0,                     0.00680694,        2.6556870747781665e+25
                         776.0,                     0.00699607,         2.732996920398563e+25
                         777.0,                      0.0075183,        2.9407895392443865e+25
                         778.0,                     0.00789966,         3.093935613654365e+25
                         779.0,                     0.00993243,         3.895078776299408e+25
                         780.0,                      0.0091387,        3.5884119834841567e+25
                         781.0,                     0.00957455,         3.764373263548635e+25
                         782.0,                      0.0101201,         3.983958738617843e+25
                         783.0,                      0.0106346,         4.191854466240915e+25
                         784.0,                      0.0110938,         4.378442691044146e+25
                         785.0,                       0.011644,        4.6014544614178525e+25
                         786.0,                      0.0119141,         4.714189778573242e+25
                         787.0,                      0.0119658,         4.740670238981434e+25
                         788.0,                      0.0122495,        4.8592344591248145e+25
                         789.0,                      0.0125998,         5.004537289178257e+25
                         790.0,                      0.0124254,         4.941522129903933e+25
                         791.0,                       0.012957,         5.159459611375649e+25
                         792.0,                      0.0134395,         5.358356050026189e+25
                         793.0,                      0.0140108,         5.593187724932046e+25
                         794.0,                       0.014312,         5.720633234353656e+25
                         795.0,                      0.0146054,         5.845260343226974e+25
                         796.0,                      0.0150311,        6.0231975392475975e+25
                         797.0,                      0.0154382,         6.194100664753952e+25
                         798.0,                      0.0155191,         6.234371785680874e+25
                         799.0,                      0.0155946,         6.272552338644922e+25
                         800.0,                      0.0157659,        6.3493903767845415e+25
                         801.0,                      0.0160326,         6.464869287514788e+25
                         802.0,                      0.0159122,        6.4243304522643595e+25
                         803.0,                      0.0160406,         6.484245199775595e+25
                         804.0,                      0.0160951,         6.514378717272837e+25
                         805.0,                      0.0161169,         6.531315549675012e+25
                         806.0,                      0.0160235,        6.5015319536261905e+25
                         807.0,                       0.016134,          6.55448935056092e+25
                         808.0,                       0.014312,         5.821500822868708e+25
                         809.0,                      0.0159036,         6.476900725628619e+25
                         810.0,                      0.0156787,         6.393200783764197e+25
                         811.0,                      0.0154748,         6.317848011401321e+25
                         812.0,                      0.0152234,        6.2228733598380635e+25
                         813.0,                      0.0150584,         6.163006839164345e+25
                         814.0,                      0.0148226,         6.073961974286769e+25
                         815.0,                      0.0143766,         5.898438737882688e+25
                         816.0,                      0.0136864,        5.6221530253192295e+25
                         817.0,                      0.0135384,        5.5681723938339945e+25
                         818.0,                      0.0130481,         5.373086781488347e+25
                         819.0,                      0.0125056,          5.15598576883938e+25
                         820.0,                      0.0122573,        5.0597835982719155e+25
                         821.0,                      0.0119227,          4.92766355915158e+25
                         822.0,                       0.011932,         4.937513966226316e+25
                         823.0,                      0.0127479,         5.281554408549956e+25
                         824.0,                      0.0122612,         5.086083233210001e+25
                         825.0,                      0.0123141,         5.114225807912892e+25
                         826.0,                      0.0124854,         5.191654498959188e+25
                         827.0,                      0.0126122,         5.250729354448352e+25
                         828.0,                      0.0128628,         5.361534792644369e+25
                         829.0,                      0.0132613,         5.534315391955757e+25
                         830.0,                      0.0132171,          5.52252312472402e+25
                         831.0,                      0.0136147,        5.6955068003011145e+25
                         832.0,                      0.0139478,         5.841875705237763e+25
                         833.0,                      0.0136458,         5.722255931514977e+25
                         834.0,                      0.0140661,         5.905586378068606e+25
                         835.0,                      0.0138147,         5.806991743562699e+25
                         836.0,                      0.0136427,        5.7415596545430076e+25
                         837.0,                      0.0114966,        4.8441563736137295e+25
                         838.0,                      0.0134536,        5.6755219109490205e+25
                         839.0,                      0.0133664,         5.645464609977878e+25
                         840.0,                      0.0149377,         6.316642441145712e+25
                         842.0,                      0.0148202,         6.281877032917781e+25
                         844.0,                      0.0171275,          7.27712270030179e+25
                         846.0,                      0.0160562,         6.838115107248703e+25
                         848.0,                      0.0157876,         6.739617379488329e+25
                         850.0,                      0.0151354,          6.47643637870872e+25
                         852.0,                      0.0157198,         6.742328150622621e+25
                         854.0,                      0.0137034,          5.89127750558181e+25
                         856.0,                      0.0128706,         5.546203911497862e+25
                         858.0,                      0.0120915,         5.222647843580438e+25
                         860.0,                      0.0143903,          6.23005060062989e+25
                         862.0,                      0.0139812,           6.0670138864849e+25
                         864.0,                      0.0148975,         6.479633042782178e+25
                         866.0,                       0.016189,         7.057667432659762e+25
                         868.0,                      0.0171755,        7.5050292429777085e+25
                         870.0,                      0.0186257,          8.15746334625378e+25
                         872.0,                      0.0198481,         8.712819141300428e+25
                         874.0,                      0.0233841,        1.0288578299648032e+26
                         876.0,                      0.0238568,        1.0520577277114307e+26
                         878.0,                      0.0257495,        1.1381161632951333e+26
                         880.0,                      0.0278388,        1.2332651463180184e+26
                         882.0,                      0.0305793,        1.3577487123891458e+26
                         884.0,                      0.0316518,        1.4085554642128861e+26
                         886.0,                       0.032845,        1.4649616740558945e+26
                         888.0,                      0.0337076,         1.506829355010484e+26
                         890.0,                      0.0348704,        1.5623207853121188e+26
                         892.0,                      0.0357575,         1.605666241277876e+26
                         894.0,                      0.0361814,        1.6283440105136836e+26
                         896.0,                      0.0374615,        1.6897266258945184e+26
                         898.0,                      0.0373432,        1.6881504238345876e+26
                         900.0,                      0.0374452,        1.6965315434188285e+26
                         902.0,                      0.0367937,        1.6707184759915407e+26
                         904.0,                      0.0374615,        1.7048134707685765e+26
                         906.0,                      0.0366681,         1.672398924539083e+26
                         908.0,                      0.0357653,        1.6348239657399313e+26
                         910.0,                       0.036132,         1.655223595826443e+26
                         912.0,                      0.0350352,        1.6085061072995698e+26
                         914.0,                      0.0344936,         1.587113527908325e+26
                         916.0,                      0.0343758,        1.5851543705265112e+26
                         918.0,                      0.0362102,        1.6733888835785245e+26
                         920.0,                      0.0355612,        1.6469769072932534e+26
                         922.0,                      0.0367623,        1.7063058145133323e+26
                         924.0,                      0.0371487,        1.7279806165522718e+26
                         926.0,                      0.0379555,        1.7693305587457606e+26
                         928.0,                      0.0397846,         1.858601344710406e+26
                         930.0,                      0.0435998,         2.041224256236954e+26
                         932.0,                      0.0457515,        2.1465673758195125e+26
                         934.0,                      0.0479095,        2.2526399892459843e+26
                         936.0,                      0.0495816,         2.336251864273712e+26
                         938.0,                      0.0508297,        2.4001791551440517e+26
                         940.0,                      0.0513043,         2.427755210495493e+26
                         942.0,                      0.0541582,         2.568256520223569e+26
                         944.0,                      0.0540248,         2.567369851189575e+26
                         946.0,                      0.0555275,         2.644371890781456e+26
                         948.0,                      0.0558538,         2.665534682884044e+26
                         950.0,                      0.0570392,           2.7278488716194e+26
                         952.0,                      0.0569764,        2.7305820345045564e+26
                         954.0,                      0.0565442,         2.715561942017292e+26
                         956.0,                      0.0569058,        2.7386573617069424e+26
                         958.0,                      0.0557832,        2.6902473226160975e+26
                         960.0,                      0.0560108,        2.7068630488535658e+26
                         962.0,                      0.0549801,        2.6625873988812485e+26
                         964.0,                      0.0562306,        2.7288082937072362e+26
                         966.0,                       0.054433,        2.6470532123333394e+26
                         968.0,                      0.0545193,        2.6567390742712163e+26
                         970.0,                      0.0545108,         2.661813141672074e+26
                         972.0,                      0.0528551,        2.5862853431414723e+26
                         974.0,                      0.0514499,         2.522706735326855e+26
                         976.0,                       0.048958,        2.4054523621313945e+26
                         978.0,                      0.0463866,         2.283782132287209e+26
                         980.0,                      0.0466142,        2.2996809399041586e+26
                         982.0,                      0.0436076,        2.1557428186018998e+26
                         984.0,                      0.0442656,        2.1927278292707072e+26
                         986.0,                      0.0469832,         2.332076447104478e+26
                         988.0,                      0.0478074,         2.377800120458555e+26
                         990.0,                      0.0486395,          2.42408347683367e+26
                         992.0,                      0.0487235,        2.4331754438937483e+26
                         994.0,                      0.0479252,        2.3981348104402674e+26
                         996.0,                      0.0478231,        2.3978407576184427e+26
                         998.0,                      0.0476285,         2.392878900677738e+26
                        1000.0,                      0.0467006,        2.3509626807703985e+26
                        1002.0,                       0.045421,        2.2911192163509423e+26
                        1004.0,                       0.047203,        2.3857590991569003e+26
                        1006.0,                      0.0459862,         2.328888945123325e+26
                        1008.0,                      0.0504137,         2.558187541872076e+26
                        1010.0,                      0.0527373,        2.6814057726547125e+26
                        1012.0,                       0.056857,         2.896594676776086e+26
                        1014.0,                      0.0582638,         2.974130604575284e+26
                        1016.0,                      0.0595277,        3.0446409594491202e+26
                        1018.0,                       0.060195,          3.08483167546489e+26
                        1020.0,                      0.0613149,        3.1483968623245154e+26
                        1022.0,                       0.061082,         3.142587793756128e+26
                        1024.0,                      0.0613882,         3.164522084371966e+26
                        1026.0,                      0.0620969,        3.2073071726768214e+26
                        1028.0,                      0.0625186,        3.2353825117177204e+26
                        1030.0,                      0.0633115,         3.282790006477496e+26
                        1032.0,                      0.0629661,         3.271220106246472e+26
                        1034.0,                      0.0632701,         3.293383721012234e+26
                        1036.0,                      0.0644419,        3.3608673132495876e+26
                        1038.0,                      0.0647638,        3.3841760788029124e+26
                        1040.0,                      0.0647559,         3.390283046258246e+26
                        1042.0,                      0.0656945,         3.446037549427834e+26
                        1044.0,                      0.0650778,         3.420240430082098e+26
                        1046.0,                      0.0654781,         3.447871155940369e+26
                        1048.0,                      0.0638175,         3.366854468728625e+26
                        1050.0,                      0.0663417,        3.5067044946490805e+26
                        1052.0,                      0.0666635,        3.5304261081089626e+26
                        1054.0,                      0.0674407,        3.5783758577779296e+26
                        1056.0,                      0.0674933,         3.587962175093147e+26
                        1058.0,                      0.0689322,         3.671394744953994e+26
                        1060.0,                      0.0700234,         3.736563217421134e+26
                        1062.0,                      0.0736345,         3.936671116243765e+26
                        1064.0,                       0.208345,         1.115958347831753e+27
                        1066.0,                       0.074129,          3.97803519423681e+26
                        1068.0,                      0.0726846,         3.907841424890929e+26
                        1070.0,                      0.0733588,         3.951475295467862e+26
                        1072.0,                      0.0757697,        4.0889672102619024e+26
                        1074.0,                      0.0860612,         4.653020368100815e+26
                        1076.0,                      0.0769237,         4.166733378420256e+26
                        1078.0,                      0.0770346,         4.180496532525603e+26
                        1080.0,                      0.0795692,         4.326054854067324e+26
                        1082.0,                      0.0828819,         4.514505994010233e+26
                        1084.0,                      0.0951788,        5.1938904119380135e+26
                        1086.0,                       0.116583,          6.37365169789059e+26
                        1088.0,                       0.101079,         5.536217029520715e+26
                        1090.0,                      0.0902375,        4.9515005042239395e+26
                        1092.0,                      0.0863413,         4.746401762016927e+26
                        1094.0,                      0.0846168,         4.660121009773678e+26
                        1096.0,                      0.0845383,        4.6643092740086054e+26
                        1098.0,                      0.0836823,        4.6255057289725166e+26
                        1100.0,                      0.0836198,        4.6304701029715464e+26
